8.961183251163113983e-01 7.917807242918071253e-01
7.917807242918071253e-01 6.973720757695920369e-01
6.973720757695920369e-01 6.119476352153907506e-01
6.119476352153907506e-01 5.346521988604592268e-01
5.346521988604592268e-01 4.647127940676634150e-01
4.647127940676634150e-01 4.014286288598379882e-01
4.014286288598379882e-01 3.441665235235857878e-01
3.441665235235857878e-01 2.923545148545970696e-01
2.923545148545970696e-01 2.454727193652487260e-01
2.454727193652487260e-01 2.030515059261235322e-01
2.030515059261235322e-01 1.646678410490499678e-01
1.646678410490499678e-01 1.299370657739411516e-01
1.299370657739411516e-01 9.851106831031469779e-02
9.851106831031469779e-02 7.007554299957241550e-02
7.007554299957241550e-02 4.434633559803960456e-02
4.434633559803960456e-02 2.106578856000496103e-02
2.106578856000496103e-02 0.000000000000000000e+00
0.000000000000000000e+00 2.489136353835075255e-02
2.489136353835075255e-02 8.089441888172971273e-02
8.089441888172971273e-02 1.625965302117177158e-01
1.625965302117177158e-01 2.516985297073668360e-01
2.516985297073668360e-01 3.326203589662999338e-01
3.326203589662999338e-01 3.987287067053091327e-01
3.987287067053091327e-01 4.490843106655605377e-01
4.490843106655605377e-01 4.849955595188930602e-01
4.849955595188930602e-01 5.083802659903003951e-01
5.083802659903003951e-01 5.211717753518578800e-01
5.211717753518578800e-01 5.251316611785000754e-01
5.251316611785000754e-01 5.218113508199356820e-01
5.218113508199356820e-01 5.125566937968488723e-01
5.125566937968488723e-01 4.985234943479802672e-01
4.985234943479802672e-01 4.807067491658107983e-01
4.807067491658107983e-01 4.599525252266838393e-01
4.599525252266838393e-01 4.369817154510469148e-01
4.369817154510469148e-01 4.166605754717325194e-01
4.166605754717325194e-01 4.062610783607862874e-01
4.062610783607862874e-01 4.104621755068178501e-01
4.104621755068178501e-01 4.308746834101433443e-01
4.308746834101433443e-01 4.653907440638259674e-01
4.653907440638259674e-01 5.097051008884616596e-01
5.097051008884616596e-01 5.588994185345316223e-01
5.588994185345316223e-01 6.086784908942726169e-01
6.086784908942726169e-01 6.561669693990548335e-01
6.561669693990548335e-01 6.999998172641519467e-01
6.999998172641519467e-01 7.398727793026069754e-01
7.398727793026069754e-01 7.759475767399193202e-01
7.759475767399193202e-01 8.084115138203120665e-01
8.084115138203120665e-01 8.372655042230252587e-01
8.372655042230252587e-01 8.622948333266331478e-01
8.622948333266331478e-01 8.831477346236922266e-01
8.831477346236922266e-01 8.994541680219576563e-01
8.994541680219576563e-01 9.111803273895453525e-01
9.111803273895453525e-01 9.195158230970803537e-01
9.195158230970803537e-01 9.266653631509507161e-01
9.266653631509507161e-01 9.351452201784233864e-01
9.351452201784233864e-01 9.467105719997515045e-01
9.467105719997515045e-01 9.612764464456049485e-01
9.612764464456049485e-01 9.761401803237348407e-01
9.761401803237348407e-01 9.862007024365999630e-01
9.862007024365999630e-01 9.858745189478799187e-01
9.858745189478799187e-01 9.717307643109578397e-01
9.717307643109578397e-01 9.436086309795737037e-01
9.436086309795737037e-01 9.037740434692036473e-01
9.037740434692036473e-01 8.554760451576828295e-01
8.554760451576828295e-01 8.019444921588048114e-01
8.019444921588048114e-01 7.459423504946659511e-01
7.459423504946659511e-01 6.896469177944514195e-01
6.896469177944514195e-01 6.346964209356806830e-01
6.346964209356806830e-01 5.822658514211367375e-01
5.822658514211367375e-01 5.330532601902645551e-01
5.330532601902645551e-01 4.872368146948858891e-01
4.872368146948858891e-01 4.445195691819647799e-01
4.445195691819647799e-01 4.043122005416290854e-01
4.043122005416290854e-01 3.660381771733687284e-01
3.660381771733687284e-01 3.294709066256362728e-01
3.294709066256362728e-01 2.949045936137475454e-01
2.949045936137475454e-01 2.631149518125568965e-01
2.631149518125568965e-01 2.352312887628417726e-01
2.352312887628417726e-01 2.127429016259835826e-01
2.127429016259835826e-01 1.977010002960321033e-01
1.977010002960321033e-01 1.929855017378179216e-01
1.929855017378179216e-01 2.022958931945515459e-01
2.022958931945515459e-01 2.291927826649464706e-01
2.291927826649464706e-01 2.747945135388989990e-01
2.747945135388989990e-01 3.355002759311305205e-01
3.355002759311305205e-01 4.036497830925483976e-01
4.036497830925483976e-01 4.710729152580778178e-01
4.710729152580778178e-01 5.320052701018569419e-01
5.320052701018569419e-01 5.835623622628545171e-01
5.835623622628545171e-01 6.248560955196824640e-01
6.248560955196824640e-01 6.560582415694816705e-01
6.560582415694816705e-01 6.778312178613327132e-01
6.778312178613327132e-01 6.910932720315475786e-01
6.910932720315475786e-01 6.969472149229403168e-01
6.969472149229403168e-01 6.966594059623052448e-01
6.966594059623052448e-01 6.916707173112978113e-01
6.916707173112978113e-01 6.836440451869204571e-01
6.836440451869204571e-01 6.745684692948954453e-01
6.745684692948954453e-01 6.668871679232801775e-01
6.668871679232801775e-01 6.635193462442301460e-01
6.635193462442301460e-01 6.675431896176799995e-01
6.675431896176799995e-01 6.813552786904417680e-01
6.813552786904417680e-01 7.055294040253052845e-01
7.055294040253052845e-01 7.378663396913225370e-01
7.378663396913225370e-01 7.732293810005884671e-01
7.732293810005884671e-01 8.050528289336631449e-01
8.050528289336631449e-01 8.282219071044041314e-01
8.282219071044041314e-01 8.410289490130438139e-01
8.410289490130438139e-01 8.448225452179856099e-01
8.448225452179856099e-01 8.424716485331793514e-01
8.424716485331793514e-01 8.370946462051245263e-01
8.370946462051245263e-01 8.313795825582288579e-01
8.313795825582288579e-01 8.273228467321349644e-01
8.273228467321349644e-01 8.261186174936681059e-01
8.261186174936681059e-01 8.281150066333113902e-01
8.281150066333113902e-01 8.328030948143221313e-01
8.328030948143221313e-01 8.388507377046183766e-01
8.388507377046183766e-01 8.441555593727043671e-01
8.441555593727043671e-01 8.458550027593112475e-01
8.458550027593112475e-01 8.404496763748132704e-01
8.404496763748132704e-01 8.246338887284874186e-01
8.246338887284874186e-01 7.971284888841784211e-01
7.971284888841784211e-01 7.599463122078511379e-01
7.599463122078511379e-01 7.173231756566612605e-01
7.173231756566612605e-01 6.735588537345724713e-01
6.735588537345724713e-01 6.318302091594516501e-01
6.318302091594516501e-01 5.940440905054108489e-01
5.940440905054108489e-01 5.610429100318325979e-01
5.610429100318325979e-01 5.328220993425164531e-01
5.328220993425164531e-01 5.087247230638223261e-01
5.087247230638223261e-01 4.876726396924190299e-01
4.876726396924190299e-01 4.684470011219981078e-01
4.684470011219981078e-01 4.499934215094711920e-01
4.499934215094711920e-01 4.316796348206813905e-01
4.316796348206813905e-01 4.134654391690635311e-01
4.134654391690635311e-01 3.960068562490177690e-01
3.960068562490177690e-01 3.807493266183999969e-01
3.807493266183999969e-01 3.700665889430193589e-01
3.700665889430193589e-01 3.672844356568805146e-01
3.672844356568805146e-01 3.761580884368410649e-01
3.761580884368410649e-01 3.994130524561524398e-01
3.994130524561524398e-01 4.368720739422335964e-01
4.368720739422335964e-01 4.848941411232406962e-01
4.848941411232406962e-01 5.380090563886280597e-01
5.380090563886280597e-01 5.912464046721901401e-01
5.912464046721901401e-01 6.413324732566086928e-01
6.413324732566086928e-01 6.866290352643639183e-01
6.866290352643639183e-01 7.265604727741860058e-01
7.265604727741860058e-01 7.610801881448290285e-01
7.610801881448290285e-01 7.903307153377505667e-01
7.903307153377505667e-01 8.144975312386932842e-01
8.144975312386932842e-01 8.337907820728822639e-01
8.337907820728822639e-01 8.485165503857554636e-01
8.485165503857554636e-01 8.591892375894947254e-01
8.591892375894947254e-01 8.666740979244862420e-01
8.666740979244862420e-01 8.723206356283736973e-01
8.723206356283736973e-01 8.780174256904673680e-01
8.780174256904673680e-01 8.859911044189183738e-01
8.859911044189183738e-01 8.981211100106352152e-01
8.981211100106352152e-01 9.147984971803857501e-01
9.147984971803857501e-01 9.337491182995332206e-01
9.337491182995332206e-01 9.498088583029686838e-01
9.498088583029686838e-01 9.566824672263256613e-01
9.566824672263256613e-01 9.499742342454289279e-01
9.499742342454289279e-01 9.289413381380680068e-01
9.289413381380680068e-01 8.958122425708741066e-01
8.958122425708741066e-01 8.540689791279114651e-01
8.540689791279114651e-01 8.071616006198398807e-01
8.071616006198398807e-01 7.579499230682079647e-01
7.579499230682079647e-01 7.085902294796778689e-01
7.085902294796778689e-01 6.606037957890351642e-01
6.606037957890351642e-01 6.149609493492775858e-01
6.149609493492775858e-01 5.721331486483028916e-01
5.721331486483028916e-01 5.321002927428285512e-01
5.321002927428285512e-01 4.943552896545926334e-01
4.943552896545926334e-01 4.580374535394106106e-01
4.580374535394106106e-01 4.222833575153771557e-01
4.222833575153771557e-01 3.867101699808858095e-01
3.867101699808858095e-01 3.517281329147463609e-01
3.517281329147463609e-01 3.184555897068551689e-01
3.184555897068551689e-01 2.884174710089577043e-01
2.884174710089577043e-01 2.633744367167484279e-01
2.633744367167484279e-01 2.454115028561613121e-01
2.454115028561613121e-01 2.371098132805105063e-01
2.371098132805105063e-01 2.415018693877252765e-01
2.415018693877252765e-01 2.613926664449471304e-01
2.613926664449471304e-01 2.978959794458717614e-01
2.978959794458717614e-01 3.489633395341698030e-01
3.489633395341698030e-01 4.094370273994130116e-01
4.094370273994130116e-01 4.729496124172662963e-01
4.729496124172662963e-01 5.340701851845083281e-01
5.340701851845083281e-01 5.892216914761035929e-01
5.892216914761035929e-01 6.364881459255388174e-01
6.364881459255388174e-01 6.750335320281121154e-01
6.750335320281121154e-01 7.046559266717589143e-01
7.046559266717589143e-01 7.255983685343488920e-01
7.255983685343488920e-01 7.385077425178806498e-01
7.385077425178806498e-01 7.444046283335585823e-01
7.444046283335585823e-01 7.446348755020667509e-01
7.446348755020667509e-01 7.408458476933252879e-01
7.408458476933252879e-01 7.350010415943336595e-01
7.350010415943336595e-01 7.294349076635758822e-01
7.294349076635758822e-01 7.268245260745781477e-01
7.268245260745781477e-01 7.299401722833575024e-01
7.299401722833575024e-01 7.410532528808305708e-01
7.410532528808305708e-01 7.610628282392669641e-01
7.610628282392669641e-01 7.885526955364940971e-01
7.885526955364940971e-01 8.191691731933818943e-01
8.191691731933818943e-01 8.463081876624063415e-01
8.463081876624063415e-01 8.637530653938505498e-01
8.637530653938505498e-01 8.685599318760757193e-01
8.685599318760757193e-01 8.616168833304704844e-01
8.616168833304704844e-01 8.461080919088221908e-01
8.461080919088221908e-01 8.257814698540673071e-01
8.257814698540673071e-01 8.039655506379308481e-01
8.039655506379308481e-01 7.832232045289251321e-01
7.832232045289251321e-01 7.652849400078209907e-01
7.652849400078209907e-01 7.510178386734839284e-01
7.510178386734839284e-01 7.403807849601088398e-01
7.403807849601088398e-01 7.323531991564914412e-01
7.323531991564914412e-01 7.249487425946297137e-01
7.249487425946297137e-01 7.153825209506650129e-01
7.153825209506650129e-01 7.005681257515011806e-01
7.005681257515011806e-01 6.780897890862842559e-01
6.780897890862842559e-01 6.474861029387578570e-01
6.474861029387578570e-01 6.107772121088081985e-01
6.107772121088081985e-01 5.715319477083097288e-01
5.715319477083097288e-01 5.334132498108683507e-01
5.334132498108683507e-01 4.993969717015265264e-01
4.993969717015265264e-01 4.716558426132687609e-01
4.716558426132687609e-01 4.516270799907901035e-01
4.516270799907901035e-01 4.399785833586118411e-01
4.399785833586118411e-01 4.365239621517511548e-01
4.365239621517511548e-01 4.402462913759643826e-01
4.402462913759643826e-01 4.495274450970144775e-01
4.495274450970144775e-01 4.625638204949218402e-01
4.625638204949218402e-01 4.778405373895818764e-01
4.778405373895818764e-01 4.945444212572956966e-01
4.945444212572956966e-01 5.128728268139274293e-01
5.128728268139274293e-01 5.341149554672738331e-01
5.341149554672738331e-01 5.603092256020232309e-01
5.603092256020232309e-01 5.931340659822600392e-01
5.931340659822600392e-01 6.322980129303886754e-01
6.322980129303886754e-01 6.748955664628552009e-01
6.748955664628552009e-01 7.167950690558769766e-01
7.167950690558769766e-01 7.547017933696125169e-01
7.547017933696125169e-01 7.871090823371184042e-01
7.871090823371184042e-01 8.140763251090019637e-01
8.140763251090019637e-01 8.366049141324249927e-01
8.366049141324249927e-01 8.560607998713538613e-01
8.560607998713538613e-01 8.737551120353483913e-01
8.737551120353483913e-01 8.906855883546098696e-01
8.906855883546098696e-01 9.074287604296487064e-01
9.074287604296487064e-01 9.241637093915262557e-01
9.241637093915262557e-01 9.407826210899097319e-01
9.407826210899097319e-01 9.570059096773249063e-01
9.570059096773249063e-01 9.723922680807983721e-01
9.723922680807983721e-01 9.861157302672693969e-01
9.861157302672693969e-01 9.964119816240830652e-01
9.964119816240830652e-01 1.000000000000000000e+00
1.000000000000000000e+00 9.926576736264660639e-01
9.926576736264660639e-01 9.716019355381022571e-01
9.716019355381022571e-01 9.374367277126223197e-01
9.374367277126223197e-01 8.933955609807797682e-01
8.933955609807797682e-01 8.433012692832002610e-01
8.433012692832002610e-01 7.902667577909427976e-01
7.902667577909427976e-01 7.363998845109441804e-01
7.363998845109441804e-01 6.829596994360771500e-01
6.829596994360771500e-01 6.306405987888268339e-01
6.306405987888268339e-01 5.798181047368786700e-01
5.798181047368786700e-01 5.307188097317803166e-01
5.307188097317803166e-01 4.835153991499128168e-01
4.835153991499128168e-01 4.383641121413351938e-01
4.383641121413351938e-01 3.954138784221855607e-01
3.954138784221855607e-01 3.548163687463224969e-01
3.548163687463224969e-01 3.167808156597312630e-01
3.167808156597312630e-01 2.816662951037756657e-01
2.816662951037756657e-01 2.501123825465336736e-01
2.501123825465336736e-01 2.231487944916105692e-01
2.231487944916105692e-01 2.023132531001136658e-01
2.023132531001136658e-01 1.898040706237505426e-01
1.898040706237505426e-01 1.885706036496003213e-01
1.885706036496003213e-01 2.020144799885972842e-01
2.020144799885972842e-01 2.328392765122305197e-01
2.328392765122305197e-01 2.810915908617457326e-01
2.810915908617457326e-01 3.427813857955770427e-01
3.427813857955770427e-01 4.107892726747777168e-01
4.107892726747777168e-01 4.776377005982771484e-01
4.776377005982771484e-01 5.377833776163204460e-01
5.377833776163204460e-01 5.882129895950207743e-01
5.882129895950207743e-01 6.279123525778546044e-01
6.279123525778546044e-01 6.570888717523271083e-01
6.570888717523271083e-01 6.765886140947814376e-01
6.765886140947814376e-01 6.875545923345967037e-01
6.875545923345967037e-01 6.912760078795697760e-01
6.912760078795697760e-01 6.891580994009918193e-01
6.891580994009918193e-01 6.827559489655323777e-01
6.827559489655323777e-01 6.738521447706482537e-01
6.738521447706482537e-01 6.645645952949174040e-01
6.645645952949174040e-01 6.574296741088886398e-01
6.574296741088886398e-01 6.553355212905536131e-01
6.553355212905536131e-01 6.611282476728589375e-01
6.611282476728589375e-01 6.768307390934109602e-01
6.768307390934109602e-01 7.026604512113558965e-01
7.026604512113558965e-01 7.361422269652326822e-01
7.361422269652326822e-01 7.719502300644326409e-01
7.719502300644326409e-01 8.035306393196379737e-01
8.035306393196379737e-01 8.261350637199902369e-01
8.261350637199902369e-01 8.386113537437092091e-01
8.386113537437092091e-01 8.427156008902889628e-01
8.427156008902889628e-01 8.414629466520964218e-01
8.414629466520964218e-01 8.379087344080637934e-01
8.379087344080637934e-01 8.345692367854571359e-01
8.345692367854571359e-01 8.332096820761716316e-01
8.332096820761716316e-01 8.347592820674001324e-01
8.347592820674001324e-01 8.392911310983521833e-01
8.392911310983521833e-01 8.460596669090960642e-01
8.460596669090960642e-01 8.535947796022937961e-01
8.535947796022937961e-01 8.597694239069655353e-01
8.597694239069655353e-01 8.617648993673685531e-01
8.617648993673685531e-01 8.561348078898030067e-01
8.561348078898030067e-01 8.396593438321169334e-01
8.396593438321169334e-01 8.112567109740185245e-01
8.112567109740185245e-01 7.732028843026251819e-01
7.732028843026251819e-01 7.298880925666711983e-01
7.298880925666711983e-01 6.855910956475975704e-01
6.855910956475975704e-01 6.433544454149747738e-01
6.433544454149747738e-01 6.049004272364126855e-01
6.049004272364126855e-01 5.708777533723901065e-01
5.708777533723901065e-01 5.411155658050061934e-01
5.411155658050061934e-01 5.148591654819292263e-01
5.148591654819292263e-01 4.910368066545086618e-01
4.910368066545086618e-01 4.685539015930911821e-01
4.685539015930911821e-01 4.465671243590539907e-01
4.465671243590539907e-01 4.246890749545900734e-01
4.246890749545900734e-01 4.030778198882387642e-01
4.030778198882387642e-01 3.824880582123316719e-01
3.824880582123316719e-01 3.643515252961234685e-01
3.643515252961234685e-01 3.509414550890106455e-01
3.509414550890106455e-01 3.454493291767019025e-01
3.454493291767019025e-01 3.515865126325291579e-01
3.515865126325291579e-01 3.722722106286477928e-01
3.722722106286477928e-01 4.078061099558144553e-01
4.078061099558144553e-01 4.550387582733654845e-01
4.550387582733654845e-01 5.086708159886557112e-01
5.086708159886557112e-01 5.635217218102543946e-01
5.635217218102543946e-01 6.159084347212729904e-01
6.159084347212729904e-01 6.637651259598199571e-01
6.637651259598199571e-01 7.061543606255413774e-01
7.061543606255413774e-01 7.427563509843979617e-01
7.427563509843979617e-01 7.735272404328646934e-01
7.735272404328646934e-01 7.985520011402716944e-01
7.985520011402716944e-01 8.180215920678022279e-01
8.180215920678022279e-01 8.322886934021394012e-01
8.322886934021394012e-01 8.419545060832764882e-01
8.419545060832764882e-01 8.479738249171293596e-01
8.479738249171293596e-01 8.517792989521926206e-01
8.517792989521926206e-01 8.553463027055869805e-01
8.553463027055869805e-01 8.610531432393218054e-01
8.610531432393218054e-01 8.711310252577488811e-01
8.711310252577488811e-01 8.866809322452022801e-01
8.866809322452022801e-01 9.065196495857379411e-01
9.065196495857379411e-01 9.265146060763325142e-01
9.265146060763325142e-01 9.403970484505825844e-01
9.403970484505825844e-01 9.424126248542681328e-01
9.424126248542681328e-01 9.299765367171139996e-01
9.299765367171139996e-01 9.041121047880447126e-01
9.041121047880447126e-01 8.679888823510064633e-01
8.679888823510064633e-01 8.252889967436471963e-01
8.252889967436471963e-01 7.792724554946841575e-01
7.792724554946841575e-01 7.324838552878273346e-01
7.324838552878273346e-01 6.867542093202592124e-01
6.867542093202592124e-01 6.432840921134862500e-01
6.432840921134862500e-01 6.027030286639450951e-01
6.027030286639450951e-01 5.650676670845226068e-01
5.650676670845226068e-01 5.298444186989939020e-01
5.298444186989939020e-01 4.959971712490726103e-01
4.959971712490726103e-01 4.623244365340125617e-01
4.623244365340125617e-01 4.280221768225159762e-01
4.280221768225159762e-01 3.931735369254327761e-01
3.931735369254327761e-01 3.588091470256086213e-01
3.588091470256086213e-01 3.265535288119612023e-01
3.265535288119612023e-01 2.982769836889981874e-01
2.982769836889981874e-01 2.760334625884898752e-01
2.760334625884898752e-01 2.621939631385247216e-01
2.621939631385247216e-01 2.595114008895580415e-01
2.595114008895580415e-01 2.707533102598869701e-01
2.707533102598869701e-01 2.976730417112846139e-01
2.976730417112846139e-01 3.396611711905971331e-01
3.396611711905971331e-01 3.932091704157971712e-01
3.932091704157971712e-01 4.529610516813525889e-01
4.529610516813525889e-01 5.135800145457735111e-01
5.135800145457735111e-01 5.710074958244858445e-01
5.710074958244858445e-01 6.226650927018956283e-01
6.226650927018956283e-01 6.670671627335820197e-01
6.670671627335820197e-01 7.033923082826850637e-01
7.033923082826850637e-01 7.312841944455611420e-01
7.312841944455611420e-01 7.508579448064643946e-01
7.508579448064643946e-01 7.627321202109501597e-01
7.627321202109501597e-01 7.679866895208300459e-01
7.679866895208300459e-01 7.680908489542026540e-01
7.680908489542026540e-01 7.648619065196495814e-01
7.648619065196495814e-01 7.604643683369941565e-01
7.604643683369941565e-01 7.574044565618616165e-01
7.574044565618616165e-01 7.583665608016987303e-01
7.583665608016987303e-01 7.657947730238031658e-01
7.657947730238031658e-01 7.811930092573979856e-01
7.811930092573979856e-01 8.042597553532466748e-01
8.042597553532466748e-01 8.320794608561541406e-01
8.320794608561541406e-01 8.589845734397101307e-01
8.589845734397101307e-01 8.781572186142043712e-01
8.781572186142043712e-01 8.847146945204829027e-01
8.847146945204829027e-01 8.777469766353944713e-01
8.777469766353944713e-01 8.596972432469967007e-01
8.596972432469967007e-01 8.344449764088019972e-01
8.344449764088019972e-01 8.058066143067550424e-01
8.058066143067550424e-01 7.768703927724316394e-01
7.768703927724316394e-01 7.498574660385427526e-01
7.498574660385427526e-01 7.261246477766529761e-01
7.261246477766529761e-01 7.061680658141430422e-01
7.061680658141430422e-01 6.895619456251210755e-01
6.895619456251210755e-01 6.749248041985388413e-01
6.749248041985388413e-01 6.600309189054853753e-01
6.600309189054853753e-01 6.421940727800334869e-01
6.421940727800334869e-01 6.190551460242161852e-01
6.190551460242161852e-01 5.896154872285915838e-01
5.896154872285915838e-01 5.549166907268866522e-01
5.549166907268866522e-01 5.176641607490708452e-01
5.176641607490708452e-01 4.811243005785417193e-01
4.811243005785417193e-01 4.483003738775450664e-01
4.483003738775450664e-01 4.217031711979065678e-01
4.217031711979065678e-01 4.033674562073539249e-01
4.033674562073539249e-01 3.947660798409466931e-01
3.947660798409466931e-01 3.965477543591636733e-01
3.965477543591636733e-01 4.082894462738333452e-01
4.082894462738333452e-01 4.285201320083765752e-01
4.285201320083765752e-01 4.551273851596563391e-01
4.551273851596563391e-01 4.859604047964505291e-01
4.859604047964505291e-01 5.193699998903584802e-01
5.193699998903584802e-01 5.545128445027575070e-01
5.545128445027575070e-01 5.913423409924019047e-01
5.913423409924019047e-01 6.301801044518107187e-01
6.301801044518107187e-01 6.708534495046031276e-01
6.708534495046031276e-01 7.118685105931971124e-01
7.118685105931971124e-01 7.505756179212701440e-01
7.505756179212701440e-01 7.843844908431065743e-01
7.843844908431065743e-01 8.118725307818537296e-01
8.118725307818537296e-01 8.330333419828299668e-01
8.330333419828299668e-01 8.489395838739268729e-01
8.489395838739268729e-01 8.612897861625106177e-01
8.612897861625106177e-01 8.720108983659760060e-01
8.720108983659760060e-01 8.829001275496217715e-01
8.829001275496217715e-01 8.953078916303327528e-01
8.953078916303327528e-01 9.098911259817483721e-01
9.098911259817483721e-01 9.264680084350866984e-01
9.264680084350866984e-01 9.439905489019402296e-01
9.439905489019402296e-01 9.605857049400809977e-01
9.605857049400809977e-01 9.736083751493864735e-01
9.736083751493864735e-01 9.797163208695303105e-01
9.797163208695303105e-01 9.752721850456291808e-01
9.752721850456291808e-01 9.575842686363156275e-01
9.575842686363156275e-01 9.265136923970922478e-01
9.265136923970922478e-01 8.847338817845251668e-01
8.847338817845251668e-01 8.362339603609398875e-01
8.362339603609398875e-01 7.847070196148658860e-01
7.847070196148658860e-01 7.328283123613491545e-01
7.328283123613491545e-01 6.822104824591860295e-01
6.822104824591860295e-01 6.336036605645075648e-01
6.336036605645075648e-01 5.871330207332092765e-01
5.871330207332092765e-01 5.425509558912210428e-01
5.425509558912210428e-01 4.994801165123767817e-01
4.994801165123767817e-01 4.576345209945216208e-01
4.576345209945216208e-01 4.169556938662885015e-01
4.169556938662885015e-01 3.776492129567026179e-01
3.776492129567026179e-01 3.401527306217769775e-01
3.401527306217769775e-01 3.050939444994682503e-01
3.050939444994682503e-01 2.733143531699188111e-01
2.733143531699188111e-01 2.459688471926291808e-01
2.459688471926291808e-01 2.247011355205595917e-01
2.247011355205595917e-01 2.118356181405531280e-01
2.118356181405531280e-01 2.104185016391405538e-01
2.104185016391405538e-01 2.237764921295670173e-01
2.237764921295670173e-01 2.542120612969128168e-01
2.542120612969128168e-01 3.012117214082354888e-01
3.012117214082354888e-01 3.606447286189921053e-01
3.606447286189921053e-01 4.260449749469152891e-01
4.260449749469152891e-01 4.909372156173364976e-01
4.909372156173364976e-01 5.504268709409799731e-01
5.504268709409799731e-01 6.015581885760857839e-01
6.015581885760857839e-01 6.429752685303287141e-01
6.429752685303287141e-01 6.744387268427997073e-01
6.744387268427997073e-01 6.964181946429158776e-01
6.964181946429158776e-01 7.098136459821868804e-01
7.098136459821868804e-01 7.157817987785936031e-01
7.157817987785936031e-01 7.156712435905401293e-01
7.156712435905401293e-01 7.110215299376139164e-01
7.110215299376139164e-01 7.036344332813144753e-01
7.036344332813144753e-01 6.956717187037450012e-01
6.956717187037450012e-01 6.897117890204992330e-01
6.897117890204992330e-01 6.886318201586877352e-01
6.886318201586877352e-01 6.951500078576414721e-01
6.951500078576414721e-01 7.110580771072184669e-01
7.110580771072184669e-01 7.363213080962945911e-01
7.363213080962945911e-01 7.682589659343831423e-01
7.682589659343831423e-01 8.013661331998143122e-01
8.013661331998143122e-01 8.289035118175274164e-01
8.289035118175274164e-01 8.460349975696130898e-01
8.460349975696130898e-01 8.517573706504300013e-01
8.517573706504300013e-01 8.481739206707137324e-01
8.481739206707137324e-01 8.386771386489972890e-01
8.386771386489972890e-01 8.266311915473705252e-01
8.266311915473705252e-01 8.147953906709695104e-01
8.147953906709695104e-01 8.051460242161545544e-01
8.051460242161545544e-01 7.988142270821835256e-01
7.988142270821835256e-01 7.960375558714856137e-01
7.960375558714856137e-01 7.961197870030956025e-01
7.961197870030956025e-01 7.974491902974574220e-01
7.974491902974574220e-01 7.975816737872736262e-01
7.975816737872736262e-01 7.933933681506034619e-01
7.933933681506034619e-01 7.815319842554794283e-01
7.815319842554794283e-01 7.595698763609252113e-01
7.595698763609252113e-01 7.275719156929891795e-01
7.275719156929891795e-01 6.884710126124282681e-01
6.884710126124282681e-01 6.465486680384037177e-01
6.465486680384037177e-01 6.056825366659479570e-01
6.056825366659479570e-01 5.686319298001966116e-01
5.686319298001966116e-01 5.370487795072710346e-01
5.370487795072710346e-01 5.116411871982573523e-01
5.116411871982573523e-01 4.922885472134610474e-01
4.922885472134610474e-01 4.781703755952619872e-01
4.781703755952619872e-01 4.679737152756204832e-01
4.679737152756204832e-01 4.602019596592341610e-01
4.602019596592341610e-01 4.535384969611028216e-01
4.535384969611028216e-01 4.471875125630895287e-01
4.471875125630895287e-01 4.411380423143129725e-01
4.411380423143129725e-01 4.363448810206893569e-01
4.363448810206893569e-01 4.348519291423474931e-01
4.348519291423474931e-01 4.397593003409850931e-01
4.397593003409850931e-01 4.546431351623974049e-01
4.546431351623974049e-01 4.819539213285627399e-01
4.819539213285627399e-01 5.210612201638044061e-01
5.210612201638044061e-01 5.679448430116329494e-01
5.679448430116329494e-01 6.172497158457563859e-01
6.172497158457563859e-01 6.646605316151290577e-01
6.646605316151290577e-01 7.078136021255834187e-01
7.078136021255834187e-01 7.459624514379483706e-01
7.459624514379483706e-01 7.792925564379665770e-01
7.792925564379665770e-01 8.083557793866653629e-01
8.083557793866653629e-01 8.337323066015152051e-01
8.337323066015152051e-01 8.558844597780124186e-01
8.558844597780124186e-01 8.751448181595575804e-01
8.751448181595575804e-01 8.917783487257828767e-01
8.917783487257828767e-01 9.061030118522470644e-01
9.061030118522470644e-01 9.186341226303729179e-01
9.186341226303729179e-01 9.302168343572632114e-01
9.302168343572632114e-01 9.420343616488620064e-01
9.420343616488620064e-01 9.552297172345487475e-01
9.552297172345487475e-01 9.699015784722551103e-01
9.699015784722551103e-01 9.837639199032230941e-01
9.837639199032230941e-01 9.918700821214900820e-01
9.918700821214900820e-01 9.887288528939877086e-01
9.887288528939877086e-01 9.714338185579218798e-01
9.714338185579218798e-01 9.406812026942572569e-01
9.406812026942572569e-01 8.993938651921100647e-01
8.993938651921100647e-01 8.509981032018976155e-01
8.509981032018976155e-01 7.984935256689045247e-01
7.984935256689045247e-01 7.442036189007342761e-01
7.442036189007342761e-01 6.898241715670329066e-01
6.898241715670329066e-01 6.365484487553861870e-01
6.365484487553861870e-01 5.851768334801310534e-01
5.851768334801310534e-01 5.361944894177670395e-01
5.361944894177670395e-01 4.898088217557990953e-01
4.898088217557990953e-01 4.459832833246228923e-01
4.459832833246228923e-01 4.044885406349705281e-01
4.044885406349705281e-01 3.650568856694893505e-01
3.650568856694893505e-01 3.276179651266908355e-01
3.276179651266908355e-01 2.925098403254159929e-01
2.925098403254159929e-01 2.605082249405195061e-01
2.605082249405195061e-01 2.327524769844199204e-01
2.327524769844199204e-01 2.107538219202613750e-01
2.107538219202613750e-01 1.965689517175342460e-01
1.965689517175342460e-01 1.930056026811003966e-01
1.930056026811003966e-01 2.035120002631395919e-01
2.035120002631395919e-01 2.312138411440725627e-01
2.312138411440725627e-01 2.768777022063526605e-01
2.768777022063526605e-01 3.370462212053987328e-01
3.370462212053987328e-01 4.046036642192245569e-01
4.046036642192245569e-01 4.717727935560031005e-01
4.717727935560031005e-01 5.327663649088696385e-01
5.327663649088696385e-01 5.844632499936042169e-01
5.844632499936042169e-01 6.257779978729547388e-01
6.257779978729547388e-01 6.568083722256130574e-01
6.568083722256130574e-01 6.782432871986229239e-01
6.782432871986229239e-01 6.910640342958639382e-01
6.910640342958639382e-01 6.964456050201192072e-01
6.964456050201192072e-01 6.957210573827110611e-01
6.957210573827110611e-01 6.903979621298228508e-01
6.903979621298228508e-01 6.822004319875446532e-01
6.822004319875446532e-01 6.731668853405647912e-01
6.731668853405647912e-01 6.657514646278218651e-01
6.657514646278218651e-01 6.628167269085845081e-01
6.628167269085845081e-01 6.673065466944912982e-01
6.673065466944912982e-01 6.814749706708963517e-01
6.814749706708963517e-01 7.058427960046633753e-01
7.058427960046633753e-01 7.382509986514094180e-01
7.382509986514094180e-01 7.736131262814350817e-01
7.736131262814350817e-01 8.053415515735382613e-01
8.053415515735382613e-01 8.283096203114550526e-01
8.283096203114550526e-01 8.408781919384251680e-01
8.408781919384251680e-01 8.444972754085060540e-01
8.444972754085060540e-01 8.421180546672561995e-01
8.421180546672561995e-01 8.368817589421786440e-01
8.368817589421786440e-01 8.314645547275589799e-01
8.314645547275589799e-01 8.278125788048344980e-01
8.278125788048344980e-01 8.270551387147822009e-01
8.270551387147822009e-01 8.294572014370347190e-01
8.294572014370347190e-01 8.344367532956409317e-01
8.344367532956409317e-01 8.406177933549936476e-01
8.406177933549936476e-01 8.458952046458763085e-01
8.458952046458763085e-01 8.474365815239439659e-01
8.474365815239439659e-01 8.417927848577766436e-01
8.417927848577766436e-01 8.257111165525785612e-01
8.257111165525785612e-01 7.979562822757192420e-01
7.979562822757192420e-01 7.605785782420080299e-01
7.605785782420080299e-01 7.178375770688439905e-01
7.178375770688439905e-01 6.740376216563908063e-01
6.740376216563908063e-01 6.323336464207529595e-01
6.323336464207529595e-01 5.945968664456781072e-01
5.945968664456781072e-01 5.616240100285433412e-01
5.616240100285433412e-01 5.333648248111424461e-01
5.333648248111424461e-01 5.091249145709910717e-01
5.091249145709910717e-01 4.878133462953961885e-01
4.878133462953961885e-01 4.682268044251313155e-01
4.682268044251313155e-01 4.493511050036729237e-01
4.493511050036729237e-01 4.306088027512708916e-01
4.306088027512708916e-01 4.120099481395662622e-01
4.120099481395662622e-01 3.942407142778827644e-01
3.942407142778827644e-01 3.787538511579970901e-01
3.787538511579970901e-01 3.679148743325572068e-01
3.679148743325572068e-01 3.650376984054469753e-01
3.650376984054469753e-01 3.738702356196024201e-01
3.738702356196024201e-01 3.971279406766342612e-01
3.971279406766342612e-01 4.346280777285203012e-01
4.346280777285203012e-01 4.827223255694962356e-01
4.827223255694962356e-01 5.359414002682562073e-01
5.359414002682562073e-01 5.893176277963153575e-01
5.893176277963153575e-01 6.395727270401543318e-01
6.395727270401543318e-01 6.850483701789714663e-01
6.850483701789714663e-01 7.251470109897339977e-01
7.251470109897339977e-01 7.597955551332326030e-01
7.597955551332326030e-01 7.891155219484027317e-01
7.891155219484027317e-01 8.132786831323848276e-01
8.132786831323848276e-01 8.324970122688848395e-01
8.324970122688848395e-01 8.470857286957411691e-01
8.470857286957411691e-01 8.575802484476588994e-01
8.575802484476588994e-01 8.648613583121056436e-01
8.648613583121056436e-01 8.702977497907673499e-01
8.702977497907673499e-01 8.757971851369970029e-01
8.757971851369970029e-01 8.836027468852674094e-01
8.836027468852674094e-01 8.956221972889308880e-01
8.956221972889308880e-01 9.122913613455205795e-01
9.122913613455205795e-01 9.314009626524473173e-01
9.314009626524473173e-01 9.478417068990092620e-01
9.478417068990092620e-01 9.552936747813565166e-01
9.552936747813565166e-01 9.492506002872607151e-01
9.492506002872607151e-01 9.288444881386161978e-01
9.288444881386161978e-01 8.962352760590457379e-01
8.962352760590457379e-01 8.548995135571726411e-01
8.548995135571726411e-01 8.083137501416204351e-01
8.083137501416204351e-01 7.593706942865808829e-01
7.593706942865808829e-01 7.102549530551606205e-01
7.102549530551606205e-01 6.625060759669466615e-01
6.625060759669466615e-01 6.171062682050588721e-01
6.171062682050588721e-01 5.745342976913152544e-01
5.745342976913152544e-01 5.347654950862330558e-01
5.347654950862330558e-01 4.972799769021887251e-01
4.972799769021887251e-01 4.611951289932351150e-01
4.611951289932351150e-01 4.256155457040630141e-01
4.256155457040630141e-01 3.901337260935826556e-01
3.901337260935826556e-01 3.551443795935224079e-01
3.551443795935224079e-01 3.217740727069391404e-01
3.217740727069391404e-01 2.915577865572200889e-01
2.915577865572200889e-01 2.662707999079010901e-01
2.662707999079010901e-01 2.479926467094756282e-01
2.479926467094756282e-01 2.392907656266560212e-01
2.392907656266560212e-01 2.431729887178887273e-01
2.431729887178887273e-01 2.624379154956344440e-01
2.624379154956344440e-01 2.982459185948344027e-01
2.982459185948344027e-01 3.486563433094923559e-01
3.486563433094923559e-01 4.086357307058354760e-01
4.086357307058354760e-01 4.718988812911383279e-01
4.718988812911383279e-01 5.330185403791403154e-01
5.330185403791403154e-01 5.883838476129216177e-01
5.883838476129216177e-01 6.360239968715621917e-01
6.360239968715621917e-01 6.750490645751939800e-01
6.750490645751939800e-01 7.052032205365855733e-01
7.052032205365855733e-01 7.266829057923608337e-01
7.266829057923608337e-01 7.400966307164342783e-01
7.400966307164342783e-01 7.464384783220463504e-01
7.464384783220463504e-01 7.470387655827994688e-01
7.470387655827994688e-01 7.435348056969728336e-01
7.435348056969728336e-01 7.378809585591643572e-01
7.378809585591643572e-01 7.324007104769770793e-01
7.324007104769770793e-01 7.297592637938155047e-01
7.297592637938155047e-01 7.327186708525358361e-01
7.327186708525358361e-01 7.435640434326564741e-01
7.435640434326564741e-01 7.632346437930114247e-01
7.632346437930114247e-01 7.903955865637986022e-01
7.903955865637986022e-01 8.207854717691389634e-01
8.207854717691389634e-01 8.478386003895928003e-01
8.478386003895928003e-01 8.652670318947148775e-01
8.652670318947148775e-01 8.699898398868499694e-01
8.699898398868499694e-01 8.627964432294541464e-01
8.627964432294541464e-01 8.468509131310324456e-01
8.468509131310324456e-01 8.259258311740047542e-01
8.259258311740047542e-01 8.033890190374206597e-01
8.033890190374206597e-01 7.818417215178770086e-01
7.818417215178770086e-01 7.630482532280286057e-01
7.630482532280286057e-01 7.479168113325463940e-01
7.479168113325463940e-01 7.364428274352292636e-01
7.364428274352292636e-01 7.276504921076387689e-01
7.276504921076387689e-01 7.195918412098575301e-01
7.195918412098575301e-01 7.095212686253513645e-01
7.095212686253513645e-01 6.943816036167078654e-01
6.943816036167078654e-01 6.717753518578754024e-01
6.717753518578754024e-01 6.412155223138744642e-01
6.412155223138744642e-01 6.046564748793029631e-01
6.046564748793029631e-01 5.656067378361882003e-01
5.656067378361882003e-01 5.276990998432126156e-01
5.276990998432126156e-01 4.939094141854184494e-01
4.939094141854184494e-01 4.664451299069143353e-01
4.664451299069143353e-01 4.467937168106015378e-01
4.467937168106015378e-01 4.356861182885691797e-01
4.356861182885691797e-01 4.329944192472013897e-01
4.329944192472013897e-01 4.377318461071781908e-01
4.377318461071781908e-01 4.482811866135026913e-01
4.482811866135026913e-01 4.628077728520314515e-01
4.628077728520314515e-01 4.797455586052138399e-01
4.797455586052138399e-01 4.982228938779835747e-01
4.982228938779835747e-01 5.183612980092756617e-01
5.183612980092756617e-01 5.413512950489549613e-01
5.413512950489549613e-01 5.690787189486110620e-01
5.690787189486110620e-01 6.030118522471027420e-01
6.030118522471027420e-01 6.426545671170496021e-01
6.426545671170496021e-01 6.850383197073303121e-01
6.850383197073303121e-01 7.261575402292969050e-01
7.261575402292969050e-01 7.629404390776957090e-01
7.629404390776957090e-01 7.940859370146078344e-01
7.940859370146078344e-01 8.198014392275390083e-01
8.198014392275390083e-01 8.411870155215830369e-01
8.411870155215830369e-01 8.596734875867537706e-01
8.596734875867537706e-01 8.766167554153767583e-01
8.766167554153767583e-01 8.930364850394161280e-01
8.930364850394161280e-01 9.095028123047010915e-01
9.095028123047010915e-01 9.261546164557286076e-01
9.261546164557286076e-01 9.428091616444764789e-01
9.428091616444764789e-01 9.590680837222560484e-01
9.590680837222560484e-01 9.743228723151535764e-01
9.743228723151535764e-01 9.875045227122385416e-01
9.875045227122385416e-01 9.965316736045377599e-01
9.965316736045377599e-01 9.978894009553429534e-01
9.978894009553429534e-01 9.875319330894418712e-01
9.875319330894418712e-01 9.633431888867367565e-01
9.633431888867367565e-01 9.266160244719847672e-01
9.266160244719847672e-01 8.808827237874561344e-01
8.808827237874561344e-01 8.299186094532908786e-01
8.299186094532908786e-01 7.766584191887258015e-01
7.766584191887258015e-01 7.230135699640740654e-01
7.230135699640740654e-01 6.700841315844294765e-01
6.700841315844294765e-01 6.184356714994206916e-01
6.184356714994206916e-01 5.683496029150022499e-01
5.683496029150022499e-01 5.199885607359138184e-01
5.199885607359138184e-01 4.734941652443726001e-01
4.734941652443726001e-01 4.290116914395564196e-01
4.290116914395564196e-01 3.867001195092445442e-01
3.867001195092445442e-01 3.467440126599395933e-01
3.467440126599395933e-01 3.093982873996323768e-01
3.093982873996323768e-01 2.750896319334548701e-01
2.750896319334548701e-01 2.445435075780555967e-01
2.445435075780555967e-01 2.189029270628136126e-01
2.189029270628136126e-01 1.998609380196550434e-01
1.998609380196550434e-01 1.898113800576714527e-01
1.898113800576714527e-01 1.918762951403228390e-01
1.918762951403228390e-01 2.094161955127385455e-01
2.094161955127385455e-01 2.446257387096655855e-01
2.446257387096655855e-01 2.965793676608715623e-01
2.965793676608715623e-01 3.603459555074757237e-01
3.603459555074757237e-01 4.285237867253370858e-01
4.285237867253370858e-01 4.940355019205537879e-01
4.940355019205537879e-01 5.519874350830900056e-01
5.519874350830900056e-01 5.999062565099645417e-01
5.999062565099645417e-01 6.371067067710941556e-01
6.371067067710941556e-01 6.639716174680851957e-01
6.639716174680851957e-01 6.814219772749698922e-01
6.814219772749698922e-01 6.906373460907320183e-01
6.906373460907320183e-01 6.929306809834112624e-01
6.929306809834112624e-01 6.897364583599823185e-01
6.897364583599823185e-01 6.826554442491200581e-01
6.826554442491200581e-01 6.735442348667307622e-01
6.735442348667307622e-01 6.646230707662844628e-01
6.646230707662844628e-01 6.585333986309430676e-01
6.585333986309430676e-01 6.582017330667826460e-01
6.582017330667826460e-01 6.663407877376935629e-01
6.663407877376935629e-01 6.846034083890373267e-01
6.846034083890373267e-01 7.126021950230063684e-01
7.126021950230063684e-01 7.471200830351694133e-01
7.471200830351694133e-01 7.822848559493310594e-01
7.822848559493310594e-01 8.116861402168709105e-01
8.116861402168709105e-01 8.313887193506297457e-01
8.313887193506297457e-01 8.411020433522524709e-01
8.411020433522524709e-01 8.430701084354521591e-01
8.430701084354521591e-01 8.404277480730504291e-01
8.404277480730504291e-01 8.361544702670502538e-01
8.361544702670502538e-01 8.326121358531388683e-01
8.326121358531388683e-01 8.313795825582288579e-01
8.313795825582288579e-01 8.331923221706094562e-01
8.331923221706094562e-01 8.379242669551456579e-01
8.379242669551456579e-01 8.446416367284435012e-01
8.446416367284435012e-01 8.516915857451419214e-01
8.516915857451419214e-01 8.567533687353583449e-01
8.567533687353583449e-01 8.568063621312846934e-01
8.568063621312846934e-01 8.483402102924137989e-01
8.483402102924137989e-01 8.285243349328810236e-01
8.285243349328810236e-01 7.971604676575823056e-01
7.971604676575823056e-01 7.572957287322883424e-01
7.572957287322883424e-01 7.134674492633916731e-01
7.134674492633916731e-01 6.696793716810601760e-01
6.696793716810601760e-01 6.286131445550199315e-01
6.286131445550199315e-01 5.916950211790847902e-01
5.916950211790847902e-01 5.593480350414261615e-01
5.593480350414261615e-01 5.312295564270024251e-01
5.312295564270024251e-01 5.064670216615073661e-01
5.064670216615073661e-01 4.839329505626436267e-01
4.839329505626436267e-01 4.625373237969585549e-01
4.625373237969585549e-01 4.415016866518771677e-01
4.415016866518771677e-01 4.205427985629652810e-01
4.205427985629652810e-01 3.999585189624990100e-01
3.999585189624990100e-01 3.806789733169114731e-01
3.806789733169114731e-01 3.643780219940866427e-01
3.643780219940866427e-01 3.536294994134179248e-01
