2.834671568860350210e-01 2.545391584648726835e-01
2.545391584648726835e-01 2.309406510512793109e-01
2.309406510512793109e-01 2.146808152942595305e-01
2.146808152942595305e-01 2.084230261787375915e-01
2.084230261787375915e-01 2.154473921767128819e-01
2.154473921767128819e-01 2.388823510063263211e-01
2.388823510063263211e-01 2.799321319060445457e-01
2.799321319060445457e-01 3.360283825319148043e-01
3.360283825319148043e-01 4.009553430134602525e-01
4.009553430134602525e-01 4.673323124490623703e-01
4.673323124490623703e-01 5.292368220043198734e-01
5.292368220043198734e-01 5.831457245293637515e-01
5.831457245293637515e-01 6.275286072970078788e-01
6.275286072970078788e-01 6.620830424787751411e-01
6.620830424787751411e-01 6.871571418651482022e-01
6.871571418651482022e-01 7.034717983765746974e-01
7.034717983765746974e-01 7.120174403093352256e-01
7.120174403093352256e-01 7.140174841659386873e-01
7.140174841659386873e-01 7.109128021080407533e-01
7.109128021080407533e-01 7.043790818620051519e-01
7.043790818620051519e-01 6.963962663411531473e-01
6.963962663411531473e-01 6.893399215697740834e-01
6.893399215697740834e-01 6.859803230038850064e-01
6.859803230038850064e-01 6.892238843062798992e-01
6.892238843062798992e-01 7.014370347088468849e-01
7.014370347088468849e-01 7.234631001502088710e-01
7.234631001502088710e-01 7.536400980926031279e-01
7.536400980926031279e-01 7.873183148831038869e-01
7.873183148831038869e-01 8.178754033893844699e-01
8.178754033893844699e-01 8.395570117572244140e-01
8.395570117572244140e-01 8.499948833962553962e-01
8.499948833962553962e-01 8.502817786776504239e-01
8.502817786776504239e-01 8.434081697542932243e-01
8.434081697542932243e-01 8.327583245315566263e-01
8.327583245315566263e-01 8.213099236529626257e-01
8.213099236529626257e-01 8.113224958793066044e-01
8.113224958793066044e-01 8.042405680892044106e-01
8.042405680892044106e-01 8.006461539586064990e-01
8.006461539586064990e-01 8.002139836780339799e-01
8.002139836780339799e-01 8.017078492356159991e-01
8.017078492356159991e-01 8.030244610206163092e-01
8.030244610206163092e-01 8.012784199927636131e-01
8.012784199927636131e-01 7.930662709826438173e-01
7.930662709826438173e-01 7.753454621206861130e-01
7.753454621206861130e-01 7.470433339789999128e-01
7.470433339789999128e-01 7.101169874899038170e-01
7.101169874899038170e-01 6.686003164984888336e-01
6.686003164984888336e-01 6.266606120189022189e-01
6.266606120189022189e-01 5.874820462029317625e-01
5.874820462029317625e-01 5.531002963975454323e-01
5.531002963975454323e-01 5.245523885402694209e-01
5.245523885402694209e-01 5.020201447998859923e-01
5.020201447998859923e-01 4.849425661229666007e-01
4.849425661229666007e-01 4.721958270441745098e-01
4.721958270441745098e-01 4.623555016281764019e-01
4.623555016281764019e-01 4.540410205431640867e-01
4.540410205431640867e-01 4.462564734174161440e-01
4.462564734174161440e-01 4.386793314791735954e-01
4.386793314791735954e-01 4.318651117064239431e-01
4.318651117064239431e-01 4.274045296562006824e-01
4.274045296562006824e-01 4.279984211622730461e-01
4.279984211622730461e-01 4.371936890347526417e-01
4.371936890347526417e-01 4.582539955193170034e-01
4.582539955193170034e-01 4.921642868368059087e-01
4.921642868368059087e-01 5.363233181906227331e-01
5.363233181906227331e-01 5.856236226285455038e-01
5.856236226285455038e-01 6.349887982925161989e-01
6.349887982925161989e-01 6.810510235034847870e-01
6.810510235034847870e-01 7.223091232699484499e-01
7.223091232699484499e-01 7.585264546687181531e-01
7.585264546687181531e-01 7.900794535467201563e-01
7.900794535467201563e-01 8.175245505611818952e-01
8.175245505611818952e-01 8.413597008979640801e-01
8.413597008979640801e-01 8.619631677624726152e-01
8.619631677624726152e-01 8.796191053983823949e-01
8.796191053983823949e-01 8.946189774832886688e-01
8.946189774832886688e-01 9.073967816562447108e-01
9.073967816562447108e-01 9.186880297055393108e-01
9.186880297055393108e-01 9.296220291719508033e-01
9.296220291719508033e-01 9.415848314627273119e-01
9.415848314627273119e-01 9.555357997799860392e-01
9.555357997799860392e-01 9.707339402599965972e-01
9.707339402599965972e-01 9.836378321680876446e-01
9.836378321680876446e-01 9.885927146872108828e-01
9.885927146872108828e-01 9.807460373731355929e-01
9.807460373731355929e-01 9.586048483475195781e-01
9.586048483475195781e-01 9.239307211852978430e-01
9.239307211852978430e-01 8.799982822830285656e-01
8.799982822830285656e-01 8.301452019048385367e-01
8.301452019048385367e-01 7.771408418275046470e-01
7.771408418275046470e-01 7.230802685486021897e-01
7.230802685486021897e-01 6.694756212105154036e-01
6.694756212105154036e-01 6.173703215054510141e-01
6.173703215054510141e-01 5.674386647126112848e-01
5.674386647126112848e-01 5.200406404526001225e-01
5.200406404526001225e-01 4.752529977815868056e-01
4.752529977815868056e-01 4.329021376439501356e-01
4.329021376439501356e-01 3.926609628717304679e-01
3.926609628717304679e-01 3.542699885607359933e-01
3.542699885607359933e-01 3.178032227294157464e-01
3.178032227294157464e-01 2.838097866010766412e-01
2.838097866010766412e-01 2.532600075287169128e-01
2.532600075287169128e-01 2.274613605049357057e-01
2.274613605049357057e-01 2.081306488219020201e-01
2.081306488219020201e-01 1.976068913343005939e-01
1.976068913343005939e-01 1.989746691567471637e-01
1.989746691567471637e-01 2.156922582130626487e-01
2.156922582130626487e-01 2.501946136781436625e-01
2.501946136781436625e-01 3.017261228204182189e-01
3.017261228204182189e-01 3.652405351967517033e-01
3.652405351967517033e-01 4.330985786805739979e-01
4.330985786805739979e-01 4.981918287838198456e-01
4.981918287838198456e-01 5.558248878915572622e-01
5.558248878915572622e-01 6.037482777146323532e-01
6.037482777146323532e-01 6.413745025016537316e-01
6.413745025016537316e-01 6.690215226281800431e-01
6.690215226281800431e-01 6.874550012974245394e-01
6.874550012974245394e-01 6.976964318998315484e-01
6.976964318998315484e-01 7.009610078247490161e-01
7.009610078247490161e-01 6.986356941586658875e-01
